Ds=zeros(12,1);
Ds(1:4)=2;
Ds(5:8)=-2;
Ds(9:10)=-0.5;
Ds(11:12)=0.5;